1 257 426
2 244 424
3 220 410
4 212 402
5 212 385
6 244 386
7 187 397
8 177 397
9 160 390
10 153 366
11 138 366
12 233 366
13 206 365
14 194 360
15 170 354
16 171 296
17 259 312
18 278 312
19 297 312
20 297 297
21 278 297
22 259 297
23 244 298
24 211 286
25 209 267
26 243 266
27 260 273
28 277 273
29 295 273
30 259 266
31 277 266
32 295 266
33 312 259
34 332 265
35 379 266
36 379 279
37 409 279
38 379 255
39 383 253
40 383 232
41 332 259
42 312 254
43 224 257
44 197 257
45 183 257
46 169 257
47 158 257
48 158 241
49 171 241
50 180 241
51 197 241
52 204 241
53 224 241
54 242 234
55 283 234
56 299 234
57 331 223
58 299 223
59 228 228
60 204 228
61 179 228
62 172 228
63 159 228
64 159 213
65 192 213
66 204 213
67 225 217
68 247 212
69 262 211
70 299 212
71 317 212
72 331 212
73 331 178
74 317 178
75 298 178
76 298 185
77 283 185
78 247 191
79 223 191
80 191 200
81 190 190
82 170 166
83 178 150
84 227 183
85 247 183
86 267 183
87 267 165
88 298 165
89 332 165
90 367 164
91 388 174
92 389 163
93 333 156
94 267 160
95 248 160
96 227 160
97 218 160
98 227 138
99 250 138
100 267 138
101 267 143
102 305 143
103 336 143
104 368 126
105 370 110
106 267 127
107 251 127
108 274 111
109 265 81
110 254 64
111 298 254
112 182 215